# name: debug
# type: sparse matrix
# nnz: 900
# rows: 42
# columns: 42

1 1 5484.18015
2 1 -362.642392
3 1 721.995273
4 1 7781.91174
5 1 136526.319
6 1 -1793.74198
7 1 -5499.64459
8 1 227.018838
9 1 -485.767423
10 1 -5816.15039
11 1 -170602.805
12 1 1637.40584
1 2 -362.642392
2 2 5637.83881
3 2 -214.807713
4 2 -136708.78
5 2 -8080.6955
6 2 -17043.204
7 2 515.11583
8 2 -5609.11763
9 2 141.047796
10 2 171429.087
11 2 14808.9426
12 2 14356.4402
1 3 721.995273
2 3 -214.807713
3 3 112.948964
4 3 4524.44646
5 3 16386.1947
6 3 265.349592
7 3 -731.245928
8 3 197.022494
9 3 -70.661362
10 3 -5503.91947
11 3 -21599.4511
12 3 -204.354677
1 4 7781.91174
2 4 -136708.78
3 4 4524.44646
4 4 5650868.16
5 4 240489.763
6 4 -41236.485
7 4 -11407.171
8 4 134107.795
9 4 -2914.6763
10 4 -4901249.84
11 4 -386825.265
12 4 -134661.432
1 5 136526.319
2 5 -8080.6955
3 5 16386.1947
4 5 240489.763
5 5 6304393.48
6 5 86253.5742
7 5 -134891.259
8 5 4731.34592
9 5 -10953.4142
10 5 -130073.195
11 5 -5121102.85
12 5 -17590.3589
1 6 -1793.74198
2 6 -17043.204
3 6 265.349592
4 6 -41236.485
5 6 86253.5742
6 6 392214.841
7 6 1434.61614
8 6 17358.5245
9 6 -163.888701
10 6 -352989.828
11 6 9129.35521
12 6 -116272.631
1 7 -5499.64459
2 7 515.11583
3 7 -731.245928
4 7 -11407.171
5 7 -134891.259
6 7 1434.61614
7 7 5554.42248
8 7 -378.608672
9 7 491.26101
10 7 10433.7134
11 7 174010.452
12 7 -1171.83005
1 8 227.018838
2 8 -5609.11763
3 8 197.022494
4 8 134107.795
5 8 4731.34592
6 8 17358.5245
7 8 -378.608672
8 8 5620.97428
9 8 -128.857907
10 8 -173555.511
11 8 -10561.2305
12 8 -13936.3132
1 9 -485.767423
2 9 141.047796
3 9 -70.661362
4 9 -2914.6763
5 9 -10953.4142
6 9 -163.888701
7 9 491.26101
8 9 -128.857907
9 9 55.0710425
10 9 3401.37279
11 9 13789.8485
12 9 125.422415
1 10 -5816.15039
2 10 171429.087
3 10 -5503.91947
4 10 -4901249.84
5 10 -130073.195
6 10 -352989.828
7 10 10433.7134
8 10 -173555.511
9 10 3401.37279
10 10 7212649
11 10 349675.631
12 10 -124944.394
1 11 -170602.805
2 11 14808.9426
3 11 -21599.4511
4 11 -386825.265
5 11 -5121102.85
6 11 9129.35521
7 11 174010.452
8 11 -10561.2305
9 11 13789.8485
10 11 349675.631
11 11 7910907.97
12 11 65577.8491
1 12 1637.40584
2 12 14356.4402
3 12 -204.354677
4 12 -134661.432
5 12 -17590.3589
6 12 -116272.631
7 12 -1171.83005
8 12 -13936.3132
9 12 125.422415
10 12 -124944.394
11 12 65577.8491
12 12 444580.017
13 13 42339.1078
14 13 5511.36397
15 13 2639.19289
16 13 -115.837739
17 13 33570.3157
18 13 1179.07164
19 13 -1040.52115
20 13 -86.8894576
21 13 -68.5267012
22 13 -2795.22023
23 13 3945.72793
24 13 -1037.84518
25 13 -38.8628006
26 13 0.437565716
27 13 -10.8254667
28 13 -44.9095858
29 13 -7105.77789
30 13 -122.390771
13 14 5511.36397
14 14 -18860.9581
15 14 -170.034587
16 14 -33155.9036
17 14 78.2820145
18 14 156.559229
19 14 -152.82707
20 14 -1228.01799
21 14 -22.2789627
22 14 -8399.846
23 14 3191.40004
24 14 -2026.17994
25 14 -0.401464582
26 14 -38.5324388
27 14 -0.689526912
28 14 6531.48666
29 14 -104.377599
30 14 1824.14357
13 15 2639.19289
14 15 -170.034587
15 15 178.12258
16 15 -1213.42794
17 15 116.936558
18 15 5.40652237
19 15 -57.0758854
20 15 -7.25390498
21 15 -9.10409262
22 15 736.567535
23 15 1353.83206
24 15 6.00473903
25 15 -1.16257152
26 15 -0.674768874
27 15 -0.338531337
28 15 120.976319
29 15 -221.041852
30 15 30.4119138
13 16 -115.837739
14 16 -33155.9036
15 16 -1213.42794
16 16 7879804.87
17 16 -25964.9502
18 16 -2681.83585
19 16 739.828298
20 16 22905.5615
21 16 1165.1746
22 16 -4031193.94
23 16 149424.126
24 16 -135593.329
25 16 92.5908255
26 16 8174.53357
27 16 151.630642
28 16 -1691631
29 16 29854.6054
30 16 -478196.008
13 17 33570.3157
14 17 78.2820145
15 17 116.936558
16 17 -25964.9502
17 17 8272165.52
18 17 296711.578
19 17 -22609.449
20 17 576.918352
21 17 -302.476296
22 17 -87025.3835
23 17 -4175935.8
24 17 -199763.44
25 17 -8254.92923
26 17 87.4383673
27 17 -2306.01841
28 17 -9310.77639
29 17 -1848520.02
30 17 -33232.1952
13 18 1179.07164
14 18 156.559229
15 18 5.40652237
16 18 -2681.83585
17 18 296711.578
18 18 352741.213
19 18 -893.714799
20 18 -137.577537
21 18 -17.5217064
22 18 -90326.4682
23 18 -155068.429
24 18 -184982.722
25 18 -150.541
26 18 251.213454
27 18 -38.2386792
28 18 -57444.5643
29 18 -36616.8298
30 18 -17928.1112
13 19 -1040.52115
14 19 -152.82707
15 19 -57.0758854
16 19 739.828298
17 19 -22609.449
18 19 -893.714799
19 19 2208.61957
20 19 128.34551
21 19 159.888467
22 19 2627.85456
23 19 76117.0142
24 19 1603.304
25 19 -741.68223
26 19 -4.96492822
27 19 -241.928567
28 19 252.083353
29 19 -46098.2209
30 19 313.304808
31 19 -380.752239
32 19 9.97254287
33 19 -231.430029
34 19 -433.983146
35 19 -18470.9117
36 19 -82.3099358
37 19 53.6905242
38 19 -26.921621
39 19 44.6561356
40 19 817.853726
41 19 2669.09648
42 19 626.585601
13 20 -86.8894576
14 20 -1228.01799
15 20 -7.25390498
16 20 22905.5615
17 20 576.918352
18 20 -137.577537
19 20 128.34551
20 20 2595.21
21 20 25.4238959
22 20 -83905.889
23 20 -2648.29487
24 20 -4715.23391
25 20 11.6123032
26 20 -778.847045
27 20 10.7030913
28 20 43500.4622
29 20 818.366761
30 20 13939.9874
31 20 6.51209355
32 20 -237.888021
33 20 6.29294851
34 20 8434.70524
35 20 363.273764
36 20 5121.28027
37 20 -14.02012
38 20 -338.912306
39 20 -5.69054499
40 20 10038.6834
41 20 -547.787783
42 20 8269.50687
13 21 -68.5267012
14 21 -22.2789627
15 21 -9.10409262
16 21 1165.1746
17 21 -302.476296
18 21 -17.5217064
19 21 159.888467
20 21 25.4238959
21 21 22.9731789
22 21 -1249.12205
23 21 4297.1135
24 21 20.0879324
25 21 -58.2055035
26 21 -1.75470392
27 21 -19.0973955
28 21 220.431785
29 21 -3444.80207
30 21 86.1528295
31 21 -30.5075096
32 21 -0.396305929
33 21 -18.532785
34 21 7.78236421
35 21 -1480.2869
36 21 19.2453547
37 21 4.05020846
38 21 -3.84678233
39 21 3.39900687
40 21 115.761272
41 21 202.146695
42 21 91.7462907
13 22 -2795.22023
14 22 -8399.846
15 22 736.567535
16 22 -4031193.94
17 22 -87025.3835
18 22 -90326.4682
19 22 2627.85456
20 22 -83905.889
21 22 -1249.12205
22 22 12125226.4
23 22 -118869.859
24 22 594031.749
25 22 -804.185006
26 22 53831.2165
27 22 -593.195185
28 22 -3996063.38
29 22 -65479.7406
30 22 -1237727.36
31 22 -397.489393
32 22 14962.21
33 22 -388.084719
34 22 -530819.688
35 22 -22265.0142
36 22 -322315.866
37 22 875.262108
38 22 21315.1481
39 22 353.236061
40 22 -631778.23
41 22 34167.5833
42 22 -520424.029
13 23 3945.72793
14 23 3191.40004
15 23 1353.83206
16 23 149424.126
17 23 -4175935.8
18 23 -155068.429
19 23 76117.0142
20 23 -2648.29487
21 23 4297.1135
22 23 -118869.859
23 23 11726321.8
24 23 289228.239
25 23 -51953.1509
26 23 -408.974599
27 23 -16682.3604
28 23 47406.6883
29 23 -4304925.77
30 23 4612.54958
31 23 -24093.0272
32 23 625.162676
33 23 -14644.8386
34 23 -27255.6337
35 23 -1169515.84
36 23 -5106.56043
37 23 3388.1589
38 23 -1709.06739
39 23 2818.11848
40 23 51944.7282
41 23 168549.395
42 23 39818.5235
13 24 -1037.84518
14 24 -2026.17994
15 24 6.00473903
16 24 -135593.329
17 24 -199763.44
18 24 -184982.722
19 24 1603.304
20 24 -4715.23391
21 24 20.0879324
22 24 594031.749
23 24 289228.239
24 24 443438.663
25 24 -306.603288
26 24 4055.78043
27 24 -121.421173
28 24 -274664.649
29 24 -56400.8554
30 24 -88579.5163
31 24 -152.670088
32 24 1207.5544
33 24 -104.600313
34 24 -42880.1245
35 24 -7676.31702
36 24 -25983.4932
37 24 86.9303624
38 24 1707.37725
39 24 42.1815923
40 24 -50618.4984
41 24 3575.90938
42 24 -41711.0498
13 25 -38.8628006
14 25 -0.401464582
15 25 -1.16257152
16 25 92.5908255
17 25 -8254.92923
18 25 -150.541
19 25 -741.68223
20 25 11.6123032
21 25 -58.2055035
22 25 -804.185006
23 25 -51953.1509
24 25 -306.603288
25 25 1487.3268
26 25 23.9536437
27 25 414.011878
28 25 -1765.30795
29 25 104767.485
30 25 2617.97469
31 25 -515.230354
32 25 -5.32632329
33 25 -242.510415
34 25 973.651078
35 25 -35165.7948
36 25 -2178.62882
37 25 -143.536601
38 25 -11.1809556
39 25 -103.763015
40 25 661.86533
41 25 -7976.92284
42 25 -109.687823
13 26 0.437565716
14 26 -38.5324388
15 26 -0.674768874
16 26 8174.53357
17 26 87.4383673
